

11  12  13  14  15

21  22  23  24  25

31  32  33  34  35

41  42  43  44  45

51  52  53  54  55



11  

21  22  

31  32  33 

41  42  43  44  

51  52  53  54  55


ij    No = 5


11  12  13  14  15

21              25

31              35

41              45

51  52  53  54  55



11  12  13  14  15

21  22  23  24 

31  32  33  

41  42

51 




11  	       		 15

       22       24 

            33  

       42       44

51                   55




11  	        15

21   22             25 

31        33        35 

41            44    45

51                    55



11  12  13  14  15

                   24 

             33  

       42    
 
51  52  53  54  55




11  	           15

21                         25 

31  32  33  34  35 

41                         45

51                         55



11  	        15

21    22     24   25 

31       33         35 

41                     45

51                     55




11  12  13  14  15

21              

31  32  33

41              

51  52  53  54  55




A
A B
A B C
A B C D
A B C D E